object,cabinet#130,cabinet#134,cabinet#135,cabinet#136,cabinet#140,cabinet#141,cabinet#143,cabinet#145,cabinet#146,cabinet#147,chair#131,chair#132,chair#139,clock#137,coffee maker#138,coffee maker#142,dining table#133,outlet#144,picture frame#129,refrigerator#128,clock#200,couch#199,shelf#202,side table#201,side table#203,side table#204,side table#205,cabinet#523,cabinet#524,cabinet#525,cabinet#526,cabinet#527,chair#518,chair#519,coffee maker#529,coffee maker#531,fireplace#528,fireplace#530,microwave#520,oven#521,side table#522,side table#532,chair#593,clock#589,couch#588,couch#592,fireplace#594,fireplace#595,side table#587,side table#590,table lamp#591
cabinet#130,1.000000,0.508123,0.884014,0.395941,0.672381,0.788278,0.951950,0.858176,0.782747,0.427671,0.101041,0.077983,0.031203,0.046648,0.852282,0.833971,0.138906,0.172369,0.007129,0.506375,0.016467,0.000076,0.003209,0.000365,0.000365,0.000445,0.000370,0.391508,0.905359,0.095920,0.232643,0.128957,0.030147,0.081178,0.835316,0.837792,0.001690,0.001799,0.232653,0.161291,0.009315,0.000526,0.090553,0.075362,0.001295,0.090507,0.006756,0.007211,0.010815,0.036286,0.012535
cabinet#134,0.508123,1.000000,0.379523,0.178980,0.340657,0.474105,0.673389,0.796758,0.400021,0.989597,0.160728,0.304449,0.177083,0.193385,0.604955,0.322406,0.147460,0.134006,0.066626,0.878442,0.161376,0.000307,0.074681,0.001331,0.001267,0.001398,0.001253,0.160772,0.443709,0.039664,0.089386,0.046011,0.014550,0.167795,0.389632,0.399957,0.000399,0.000405,0.094106,0.074219,0.003235,0.000179,0.055753,0.328301,0.000629,0.055710,0.001948,0.002167,0.028884,0.016067,0.038372
cabinet#135,0.884014,0.379523,1.000000,0.607770,0.795698,0.733700,0.791443,0.704378,0.774812,0.318388,0.170825,0.032348,0.011232,0.070527,0.705110,0.900944,0.252192,0.317077,0.010491,0.405645,0.018796,0.000314,0.001758,0.001223,0.001248,0.001561,0.001282,0.677060,0.992114,0.226636,0.474268,0.308163,0.088928,0.135379,0.903335,0.900374,0.008522,0.008873,0.472058,0.328318,0.034823,0.002951,0.210280,0.094670,0.006298,0.210209,0.027493,0.029219,0.025071,0.106535,0.028004
cabinet#136,0.395941,0.178980,0.607770,1.000000,0.865620,0.598572,0.383682,0.373771,0.665441,0.156641,0.476363,0.016000,0.005205,0.122676,0.444618,0.694178,0.646234,0.781286,0.025572,0.295136,0.024751,0.004393,0.001688,0.014785,0.015095,0.017626,0.015280,0.745543,0.612829,0.674020,0.577191,0.504905,0.378307,0.360810,0.730007,0.726276,0.055235,0.062783,0.712739,0.834469,0.190983,0.028672,0.610727,0.130814,0.049873,0.610588,0.141098,0.139710,0.125081,0.394250,0.112427
cabinet#140,0.672381,0.340657,0.795698,0.865620,1.000000,0.889564,0.675957,0.653848,0.932461,0.296193,0.341645,0.050532,0.018685,0.101673,0.758490,0.918619,0.443849,0.536932,0.020348,0.498055,0.026925,0.001100,0.003639,0.004590,0.004605,0.005324,0.004619,0.614410,0.821269,0.365500,0.405260,0.295404,0.159365,0.262090,0.954756,0.954968,0.013775,0.015793,0.487162,0.527498,0.063236,0.006095,0.334503,0.132064,0.012294,0.334372,0.043875,0.044004,0.061598,0.170371,0.058812
cabinet#141,0.788278,0.474105,0.733700,0.598572,0.889564,1.000000,0.843862,0.828427,0.986518,0.414009,0.217141,0.126191,0.053698,0.071900,0.955060,0.889220,0.262255,0.312700,0.014887,0.650506,0.025111,0.000295,0.007004,0.001517,0.001491,0.001680,0.001476,0.375340,0.781955,0.166290,0.210638,0.131728,0.058535,0.168872,0.924393,0.930368,0.002988,0.003505,0.255207,0.277604,0.018421,0.001199,0.154952,0.111834,0.002777,0.154865,0.011735,0.011809,0.028929,0.062729,0.028574
cabinet#143,0.951950,0.673389,0.791443,0.383682,0.675957,0.843862,1.000000,0.969872,0.802352,0.590021,0.133034,0.144114,0.064282,0.071099,0.937765,0.772320,0.162671,0.187752,0.013624,0.688231,0.031085,0.000118,0.008632,0.000581,0.000571,0.000671,0.000573,0.334925,0.842902,0.087809,0.189459,0.103370,0.028137,0.112211,0.809038,0.816556,0.001237,0.001333,0.198753,0.154092,0.007877,0.000429,0.089835,0.118449,0.001143,0.089782,0.005300,0.005643,0.015717,0.032574,0.018262
cabinet#145,0.858176,0.796758,0.704378,0.373771,0.653848,0.828427,0.969872,1.000000,0.765304,0.723164,0.172853,0.199220,0.095399,0.106913,0.932180,0.689198,0.193527,0.209473,0.024739,0.824655,0.054317,0.000206,0.017737,0.000990,0.000964,0.001102,0.000960,0.307663,0.771546,0.087494,0.172467,0.094809,0.029627,0.152812,0.751879,0.762302,0.001158,0.001248,0.186365,0.155271,0.007904,0.000445,0.096523,0.177167,0.001255,0.096461,0.005085,0.005424,0.023556,0.033315,0.027587
cabinet#146,0.782747,0.400021,0.774812,0.665441,0.932461,0.986518,0.802352,0.765304,1.000000,0.343643,0.217364,0.089491,0.035779,0.064197,0.907197,0.941025,0.276644,0.340849,0.012221,0.563014,0.019581,0.000318,0.004391,0.001588,0.001574,0.001800,0.001565,0.430262,0.810477,0.201800,0.250433,0.162419,0.072874,0.164358,0.960689,0.963614,0.004399,0.005163,0.301706,0.324427,0.024731,0.001736,0.180295,0.096060,0.003786,0.180204,0.016291,0.016315,0.029171,0.078678,0.028235
cabinet#147,0.427671,0.989597,0.318388,0.156641,0.296193,0.414009,0.590021,0.723164,0.343643,1.000000,0.167124,0.320111,0.193559,0.222956,0.533360,0.267890,0.145992,0.127600,0.085521,0.866927,0.203217,0.000387,0.100695,0.001634,0.001547,0.001685,0.001526,0.138484,0.378020,0.035455,0.077083,0.039856,0.013495,0.179944,0.331756,0.341422,0.000350,0.000354,0.082059,0.066556,0.002927,0.000167,0.052291,0.375817,0.000605,0.052250,0.001726,0.001926,0.032902,0.014694,0.044167
chair#131,0.101041,0.160728,0.170825,0.476363,0.341645,0.217141,0.133034,0.172853,0.217364,0.167124,1.000000,0.018216,0.007631,0.561125,0.163723,0.178449,0.932475,0.821599,0.283536,0.272429,0.203796,0.071669,0.017317,0.176037,0.173929,0.183742,0.172874,0.323038,0.192911,0.475287,0.272938,0.269378,0.405447,0.968506,0.229998,0.233031,0.048379,0.052566,0.371883,0.561430,0.187667,0.043692,0.634035,0.514279,0.092855,0.633827,0.120912,0.122409,0.656618,0.373323,0.626317
chair#132,0.077983,0.304449,0.032348,0.016000,0.050532,0.126191,0.144114,0.199220,0.089491,0.320111,0.018216,1.000000,0.928510,0.018092,0.184413,0.044821,0.011474,0.009530,0.010333,0.352868,0.031425,0.000007,0.175507,0.000062,0.000054,0.000050,0.000050,0.005382,0.043595,0.001354,0.001769,0.000707,0.000321,0.018769,0.056900,0.059686,0.000002,0.000002,0.002491,0.003742,0.000039,0.000001,0.001948,0.047876,0.000004,0.001945,0.000015,0.000016,0.001910,0.000304,0.002219
chair#139,0.031203,0.177083,0.011232,0.005205,0.018685,0.053698,0.064282,0.095399,0.035779,0.193559,0.007631,0.928510,1.000000,0.009382,0.084569,0.015971,0.004222,0.003255,0.006625,0.200344,0.022099,0.000003,0.214138,0.000024,0.000021,0.000018,0.000019,0.001549,0.015851,0.000360,0.000463,0.000172,0.000081,0.008322,0.021149,0.022363,0.000000,0.000000,0.000674,0.001089,0.000008,0.000000,0.000567,0.027185,0.000001,0.000566,0.000003,0.000003,0.000789,0.000074,0.000943
clock#137,0.046648,0.193385,0.070527,0.122676,0.101673,0.071900,0.071099,0.106913,0.064197,0.222956,0.561125,0.018092,0.009382,1.000000,0.068459,0.050715,0.430517,0.301776,0.745958,0.214921,0.708333,0.068691,0.067544,0.132570,0.128655,0.136417,0.128952,0.128988,0.084859,0.114960,0.116004,0.100189,0.108373,0.705416,0.074245,0.076325,0.009250,0.008636,0.134933,0.142302,0.040159,0.009217,0.219686,0.930328,0.027074,0.219590,0.025967,0.028959,0.520397,0.104301,0.653694
coffee maker#138,0.852282,0.604955,0.705110,0.444618,0.758490,0.955060,0.937765,0.932180,0.907197,0.533360,0.163723,0.184413,0.084569,0.068459,1.000000,0.803478,0.190760,0.220968,0.014469,0.734393,0.029100,0.000155,0.010493,0.000832,0.000811,0.000916,0.000802,0.298326,0.763115,0.101601,0.159350,0.090620,0.032708,0.132872,0.844407,0.853138,0.001312,0.001503,0.184931,0.181093,0.009095,0.000495,0.099926,0.115315,0.001272,0.099863,0.005701,0.005863,0.019563,0.035849,0.020727
coffee maker#142,0.833971,0.322406,0.900944,0.694178,0.918619,0.889220,0.772320,0.689198,0.941025,0.267890,0.178449,0.044821,0.015971,0.050715,0.803478,1.000000,0.255557,0.332919,0.007810,0.422492,0.012709,0.000258,0.001762,0.001189,0.001201,0.001441,0.001213,0.553926,0.904873,0.235473,0.350850,0.232589,0.086642,0.131614,0.985721,0.982667,0.007083,0.008023,0.392437,0.355896,0.032983,0.002542,0.200268,0.071701,0.005163,0.200189,0.023928,0.024300,0.023261,0.098235,0.023113
dining table#133,0.138906,0.147460,0.252192,0.646234,0.443849,0.262255,0.162671,0.193527,0.276644,0.145992,0.932475,0.011474,0.004222,0.430517,0.190760,0.255557,1.000000,0.963338,0.165829,0.244853,0.120466,0.053838,0.006818,0.129757,0.130650,0.144462,0.131578,0.500954,0.271834,0.686740,0.446792,0.449763,0.570184,0.848565,0.311753,0.313482,0.090445,0.097205,0.577913,0.772320,0.296741,0.071920,0.827794,0.381340,0.138230,0.827607,0.208447,0.211147,0.539876,0.548784,0.510512
outlet#144,0.172369,0.134006,0.317077,0.781286,0.536932,0.312700,0.187752,0.209473,0.340849,0.127600,0.821599,0.009530,0.003255,0.301776,0.220968,0.332919,0.963338,1.000000,0.095888,0.228855,0.070591,0.034152,0.003542,0.086789,0.088201,0.099581,0.089198,0.606858,0.332252,0.808068,0.539029,0.543355,0.630135,0.701608,0.387916,0.388150,0.111714,0.121971,0.690995,0.900837,0.345914,0.080440,0.884490,0.269773,0.143927,0.884328,0.251309,0.251876,0.404576,0.618685,0.370547
picture frame#129,0.007129,0.066626,0.010491,0.025572,0.020348,0.014887,0.013624,0.024739,0.012221,0.085521,0.283536,0.010333,0.006625,0.745958,0.014469,0.007810,0.165829,0.095888,1.000000,0.079711,0.815246,0.090610,0.128231,0.161931,0.152398,0.148177,0.149477,0.021572,0.013759,0.026218,0.018834,0.016906,0.029556,0.407539,0.012932,0.013475,0.001789,0.001685,0.024405,0.033412,0.009572,0.002495,0.062388,0.677863,0.008518,0.062352,0.005361,0.005969,0.412073,0.025781,0.520095
refrigerator#128,0.506375,0.878442,0.405645,0.295136,0.498055,0.650506,0.688231,0.824655,0.563014,0.866927,0.272429,0.352868,0.200344,0.214921,0.734393,0.422492,0.244853,0.228855,0.079711,1.000000,0.151662,0.000682,0.077709,0.003157,0.002995,0.003174,0.002924,0.192991,0.476539,0.073671,0.104207,0.059469,0.028577,0.264560,0.506907,0.519438,0.000836,0.000920,0.125180,0.134366,0.006850,0.000424,0.095295,0.351322,0.001331,0.095224,0.003881,0.004102,0.052346,0.029432,0.060265
clock#200,0.016467,0.161376,0.018796,0.024751,0.026925,0.025111,0.031085,0.054317,0.019581,0.203217,0.203796,0.031425,0.022099,0.708333,0.029100,0.012709,0.120466,0.070591,0.815246,0.151662,1.000000,0.020235,0.250951,0.042545,0.039671,0.039487,0.038977,0.024140,0.024792,0.015822,0.018714,0.013579,0.013630,0.301268,0.020555,0.021495,0.000534,0.000487,0.021873,0.023198,0.003525,0.000585,0.038380,0.779292,0.002344,0.038353,0.001966,0.002271,0.195035,0.012750,0.278057
couch#199,0.000076,0.000307,0.000314,0.004393,0.001100,0.000295,0.000118,0.000206,0.000318,0.000387,0.071669,0.000007,0.000003,0.068691,0.000155,0.000258,0.053838,0.034152,0.090610,0.000682,0.020235,1.000000,0.000219,0.865251,0.877897,0.888112,0.889397,0.003811,0.000366,0.027427,0.005996,0.011351,0.077529,0.088338,0.000424,0.000430,0.040020,0.038655,0.009110,0.019094,0.068933,0.097633,0.054288,0.029241,0.166371,0.054293,0.049274,0.050344,0.376983,0.060545,0.339946
shelf#202,0.003209,0.074681,0.001758,0.001688,0.003639,0.007004,0.008632,0.017737,0.004391,0.100695,0.017317,0.175507,0.214138,0.067544,0.010493,0.001762,0.006818,0.003542,0.128231,0.077709,0.250951,0.000219,1.000000,0.000947,0.000809,0.000678,0.000742,0.000697,0.002713,0.000322,0.000302,0.000150,0.000159,0.026648,0.003020,0.003241,0.000001,0.000001,0.000441,0.000754,0.000019,0.000001,0.000853,0.127907,0.000006,0.000852,0.000007,0.000008,0.008305,0.000133,0.011422
side table#201,0.000365,0.001331,0.001223,0.014785,0.004590,0.001517,0.000581,0.000990,0.001588,0.001634,0.176037,0.000062,0.000024,0.132570,0.000832,0.001189,0.129757,0.086789,0.161931,0.003157,0.042545,0.865251,0.000947,1.000000,0.998389,0.981633,0.994877,0.009826,0.001448,0.061161,0.012829,0.021615,0.134728,0.203421,0.001880,0.001912,0.044547,0.046176,0.020666,0.048797,0.100797,0.095733,0.110716,0.067641,0.170702,0.110711,0.065760,0.065439,0.612838,0.103900,0.525725
side table#203,0.000365,0.001267,0.001248,0.015095,0.004605,0.001491,0.000571,0.000964,0.001574,0.001547,0.173929,0.000054,0.000021,0.128655,0.000811,0.001201,0.130650,0.088201,0.152398,0.002995,0.039671,0.877897,0.000809,0.998389,1.000000,0.990038,0.998868,0.010309,0.001468,0.064342,0.013677,0.023262,0.143081,0.199847,0.001888,0.001918,0.050225,0.051851,0.021850,0.050650,0.109714,0.106971,0.115356,0.064742,0.187619,0.115353,0.072668,0.072374,0.608432,0.110965,0.521845
side table#204,0.000445,0.001398,0.001561,0.017626,0.005324,0.001680,0.000671,0.001102,0.001800,0.001685,0.183742,0.000050,0.000018,0.136417,0.000916,0.001441,0.144462,0.099581,0.148177,0.003174,0.039487,0.888112,0.000678,0.981633,0.990038,1.000000,0.995262,0.013195,0.001809,0.077121,0.018028,0.030655,0.171174,0.209675,0.002235,0.002266,0.066488,0.067520,0.027829,0.059577,0.135983,0.135243,0.136058,0.067614,0.232597,0.136059,0.093559,0.093890,0.627157,0.135744,0.547102
side table#205,0.000370,0.001253,0.001282,0.015280,0.004619,0.001476,0.000573,0.000960,0.001565,0.001526,0.172874,0.000050,0.000019,0.128952,0.000802,0.001213,0.131578,0.089198,0.149477,0.002924,0.038977,0.889397,0.000742,0.994877,0.998868,0.995262,1.000000,0.010790,0.001501,0.066409,0.014512,0.024766,0.148701,0.198646,0.001903,0.001932,0.054395,0.055782,0.022924,0.051796,0.115734,0.114819,0.118854,0.064272,0.200033,0.118853,0.077678,0.077589,0.608087,0.116082,0.524808
cabinet#523,0.391508,0.160772,0.677060,0.745543,0.614410,0.375340,0.334925,0.307663,0.430262,0.138484,0.323038,0.005382,0.001549,0.128988,0.298326,0.553926,0.500954,0.606858,0.021572,0.192991,0.024140,0.003811,0.000697,0.009826,0.010309,0.013195,0.010790,1.000000,0.650716,0.608751,0.935081,0.806505,0.372123,0.262238,0.577699,0.571826,0.083337,0.082853,0.938105,0.683498,0.211943,0.038002,0.590348,0.124008,0.066672,0.590305,0.187953,0.199317,0.094533,0.432923,0.100684
cabinet#524,0.905359,0.443709,0.992114,0.612829,0.821269,0.781955,0.842902,0.771546,0.810477,0.378020,0.192911,0.043595,0.015851,0.084859,0.763115,0.904873,0.271834,0.332252,0.013759,0.476539,0.024792,0.000366,0.002713,0.001448,0.001468,0.001809,0.001501,0.650716,1.000000,0.220364,0.445186,0.285806,0.086453,0.155918,0.922917,0.922293,0.007422,0.007764,0.450722,0.326061,0.032342,0.002664,0.211099,0.115963,0.005898,0.211020,0.024764,0.026311,0.029087,0.102135,0.032605
cabinet#525,0.095920,0.039664,0.226636,0.674020,0.365500,0.166290,0.087809,0.087494,0.201800,0.035455,0.475287,0.001354,0.000360,0.114960,0.101601,0.235473,0.686740,0.808068,0.026218,0.073671,0.015822,0.027427,0.000322,0.061161,0.064342,0.077121,0.066409,0.608751,0.220364,1.000000,0.631372,0.735239,0.871071,0.365754,0.256010,0.252741,0.305290,0.331617,0.783793,0.955342,0.647294,0.206198,0.935217,0.087560,0.291374,0.935259,0.540979,0.533953,0.245112,0.884422,0.209284
cabinet#526,0.232643,0.089386,0.474268,0.577191,0.405260,0.210638,0.189459,0.172467,0.250433,0.077083,0.272938,0.001769,0.000463,0.116004,0.159350,0.350850,0.446792,0.539029,0.018834,0.104207,0.018714,0.005996,0.000302,0.012829,0.013677,0.018028,0.014512,0.935081,0.445186,0.631372,1.000000,0.942319,0.450935,0.225275,0.368225,0.363082,0.147519,0.140533,0.960196,0.638506,0.299214,0.070761,0.624353,0.097972,0.115921,0.624385,0.287705,0.309175,0.100571,0.533410,0.109127
cabinet#527,0.128957,0.046011,0.308163,0.504905,0.295404,0.131728,0.103370,0.094809,0.162419,0.039856,0.269378,0.000707,0.000172,0.100189,0.090620,0.232589,0.449763,0.543355,0.016906,0.059469,0.013579,0.011351,0.000150,0.021615,0.023262,0.030655,0.024766,0.806505,0.285806,0.735239,0.942319,1.000000,0.612955,0.218969,0.245835,0.241632,0.272771,0.261237,0.935485,0.678507,0.471277,0.146142,0.716800,0.075123,0.217056,0.716904,0.465611,0.493450,0.124923,0.707482,0.128549
chair#518,0.030147,0.014550,0.088928,0.378307,0.159365,0.058535,0.028137,0.029627,0.072874,0.013495,0.405447,0.000321,0.000081,0.108373,0.032708,0.086642,0.570184,0.630135,0.029556,0.028577,0.013630,0.077529,0.000159,0.134728,0.143081,0.171174,0.148701,0.372123,0.086453,0.871071,0.450935,0.612955,1.000000,0.327150,0.098807,0.097460,0.518022,0.545645,0.568126,0.729239,0.882380,0.431758,0.879916,0.068582,0.570602,0.880057,0.767431,0.759788,0.333469,0.985150,0.281231
chair#519,0.081178,0.167795,0.135379,0.360810,0.262090,0.168872,0.112211,0.152812,0.164358,0.179944,0.968506,0.018769,0.008322,0.705416,0.132872,0.131614,0.848565,0.701608,0.407539,0.264560,0.301268,0.088338,0.026648,0.203421,0.199847,0.209675,0.198646,0.262238,0.155918,0.365754,0.225275,0.218969,0.327150,1.000000,0.176096,0.179120,0.036167,0.038142,0.300732,0.434417,0.144530,0.034603,0.534795,0.641595,0.079051,0.534605,0.092200,0.095097,0.721905,0.300815,0.725970
coffee maker#529,0.835316,0.389632,0.903335,0.730007,0.954756,0.924393,0.809038,0.751879,0.960689,0.331756,0.229998,0.056900,0.021149,0.074245,0.844407,0.985721,0.311753,0.387916,0.012932,0.506907,0.020555,0.000424,0.003020,0.001880,0.001888,0.002235,0.001903,0.577699,0.922917,0.256010,0.368225,0.245835,0.098807,0.176096,1.000000,0.999773,0.007661,0.008610,0.415955,0.387110,0.036704,0.002947,0.230663,0.103683,0.006217,0.230567,0.026078,0.026614,0.033581,0.110359,0.033852
coffee maker#531,0.837792,0.399957,0.900374,0.726276,0.954968,0.930368,0.816556,0.762302,0.963614,0.341422,0.233031,0.059686,0.022363,0.076325,0.853138,0.982667,0.313482,0.388150,0.013475,0.519438,0.021495,0.000430,0.003241,0.001912,0.001918,0.002266,0.001932,0.571826,0.922293,0.252741,0.363082,0.241632,0.097460,0.179120,0.999773,1.000000,0.007411,0.008329,0.410790,0.383676,0.035895,0.002864,0.229101,0.106969,0.006086,0.229004,0.025387,0.025919,0.034138,0.108676,0.034482
fireplace#528,0.001690,0.000399,0.008522,0.055235,0.013775,0.002988,0.001237,0.001158,0.004399,0.000350,0.048379,0.000002,0.000000,0.009250,0.001312,0.007083,0.090445,0.111714,0.001789,0.000836,0.000534,0.040020,0.000001,0.044547,0.050225,0.066488,0.054395,0.083337,0.007422,0.305290,0.147519,0.272771,0.518022,0.036167,0.007661,0.007411,1.000000,0.983103,0.170297,0.183094,0.803123,0.877998,0.273161,0.003980,0.812573,0.273323,0.909513,0.902153,0.063594,0.536223,0.050858
fireplace#530,0.001799,0.000405,0.008873,0.062783,0.015793,0.003505,0.001333,0.001248,0.005163,0.000354,0.052566,0.000002,0.000000,0.008636,0.001503,0.008023,0.097205,0.121971,0.001685,0.000920,0.000487,0.038655,0.000001,0.046176,0.051851,0.067520,0.055782,0.082853,0.007764,0.331617,0.140533,0.261237,0.545645,0.038142,0.008610,0.008329,0.983103,1.000000,0.169871,0.202708,0.834373,0.871626,0.286047,0.003805,0.791538,0.286210,0.913310,0.889602,0.065309,0.552973,0.049858
microwave#520,0.232653,0.094106,0.472058,0.712739,0.487162,0.255207,0.198753,0.186365,0.301706,0.082059,0.371883,0.002491,0.000674,0.134933,0.184931,0.392437,0.577913,0.690995,0.024405,0.125180,0.021873,0.009110,0.000441,0.020666,0.021850,0.027829,0.022924,0.938105,0.450722,0.783793,0.960196,0.935485,0.568126,0.300732,0.415955,0.410790,0.170297,0.169871,1.000000,0.802976,0.372250,0.088763,0.762841,0.114680,0.142771,0.762852,0.336816,0.352677,0.142096,0.641536,0.144041
oven#521,0.161291,0.074219,0.328318,0.834469,0.527498,0.277604,0.154092,0.155271,0.324427,0.066556,0.561430,0.003742,0.001089,0.142302,0.181093,0.355896,0.772320,0.900837,0.033412,0.134366,0.023198,0.019094,0.000754,0.048797,0.050650,0.059577,0.051796,0.683498,0.326061,0.955342,0.638506,0.678507,0.729239,0.434417,0.387110,0.383676,0.183094,0.202708,0.802976,1.000000,0.469170,0.117187,0.900741,0.121281,0.179922,0.900685,0.369809,0.364767,0.240357,0.738273,0.208051
side table#522,0.009315,0.003235,0.034823,0.190983,0.063236,0.018421,0.007877,0.007904,0.024731,0.002927,0.187667,0.000039,0.000008,0.040159,0.009095,0.032983,0.296741,0.345914,0.009572,0.006850,0.003525,0.068933,0.000019,0.100797,0.109714,0.135983,0.115734,0.211943,0.032342,0.647294,0.299214,0.471277,0.882380,0.144530,0.036704,0.035895,0.803123,0.834373,0.372250,0.469170,1.000000,0.697472,0.610803,0.021489,0.777259,0.611014,0.961048,0.943159,0.189293,0.876610,0.151993
side table#532,0.000526,0.000179,0.002951,0.028672,0.006095,0.001199,0.000429,0.000445,0.001736,0.000167,0.043692,0.000001,0.000000,0.009217,0.000495,0.002542,0.071920,0.080440,0.002495,0.000424,0.000585,0.097633,0.000001,0.095733,0.106971,0.135243,0.114819,0.038002,0.002664,0.206198,0.070761,0.146142,0.431758,0.034603,0.002947,0.002864,0.877998,0.871626,0.088763,0.117187,0.697472,1.000000,0.204504,0.003581,0.928977,0.204626,0.747228,0.732412,0.086390,0.416426,0.066442
chair#593,0.090553,0.055753,0.210280,0.610727,0.334503,0.154952,0.089835,0.096523,0.180295,0.052291,0.634035,0.001948,0.000567,0.219686,0.099926,0.200268,0.827794,0.884490,0.062388,0.095295,0.038380,0.054288,0.000853,0.110716,0.115356,0.136058,0.118854,0.590348,0.211099,0.935217,0.624353,0.716800,0.879916,0.534795,0.230663,0.229101,0.273161,0.286047,0.762841,0.900741,0.610803,0.204504,1.000000,0.165118,0.320152,1.000000,0.498144,0.503148,0.399842,0.884033,0.364723
clock#589,0.075362,0.328301,0.094670,0.130814,0.132064,0.111834,0.118449,0.177167,0.096060,0.375817,0.514279,0.047876,0.027185,0.930328,0.115315,0.071701,0.381340,0.269773,0.677863,0.351322,0.779292,0.029241,0.127907,0.067641,0.064742,0.067614,0.064272,0.124008,0.115963,0.087560,0.097972,0.075123,0.068582,0.641595,0.103683,0.106969,0.003980,0.003805,0.114680,0.121281,0.021489,0.003581,0.165118,1.000000,0.011490,0.165025,0.013090,0.014581,0.359803,0.066400,0.459053
couch#588,0.001295,0.000629,0.006298,0.049873,0.012294,0.002777,0.001143,0.001255,0.003786,0.000605,0.092855,0.000004,0.000001,0.027074,0.001272,0.005163,0.138230,0.143927,0.008518,0.001331,0.002344,0.166371,0.000006,0.170702,0.187619,0.232597,0.200033,0.066672,0.005898,0.291374,0.115921,0.217056,0.570602,0.079051,0.006217,0.006086,0.812573,0.791538,0.142771,0.179922,0.777259,0.928977,0.320152,0.011490,1.000000,0.320305,0.788797,0.789736,0.177330,0.550896,0.146715
couch#592,0.090507,0.055710,0.210209,0.610588,0.334372,0.154865,0.089782,0.096461,0.180204,0.052250,0.633827,0.001945,0.000566,0.219590,0.099863,0.200189,0.827607,0.884328,0.062352,0.095224,0.038353,0.054293,0.000852,0.110711,0.115353,0.136059,0.118853,0.590305,0.211020,0.935259,0.624385,0.716904,0.880057,0.534605,0.230567,0.229004,0.273323,0.286210,0.762852,0.900685,0.611014,0.204626,1.000000,0.165025,0.320305,1.000000,0.498361,0.503369,0.399762,0.884194,0.364646
fireplace#594,0.006756,0.001948,0.027493,0.141098,0.043875,0.011735,0.005300,0.005085,0.016291,0.001726,0.120912,0.000015,0.000003,0.025967,0.005701,0.023928,0.208447,0.251309,0.005361,0.003881,0.001966,0.049274,0.000007,0.065760,0.072668,0.093559,0.077678,0.187953,0.024764,0.540979,0.287705,0.465611,0.767431,0.092200,0.026078,0.025387,0.909513,0.913310,0.336816,0.369809,0.961048,0.747228,0.498144,0.013090,0.788797,0.498361,1.000000,0.994609,0.124840,0.791197,0.102858
fireplace#595,0.007211,0.002167,0.029219,0.139710,0.044004,0.011809,0.005643,0.005424,0.016315,0.001926,0.122409,0.000016,0.000003,0.028959,0.005863,0.024300,0.211147,0.251876,0.005969,0.004102,0.002271,0.050344,0.000008,0.065439,0.072374,0.093890,0.077589,0.199317,0.026311,0.533953,0.309175,0.493450,0.759788,0.095097,0.026614,0.025919,0.902153,0.889602,0.352677,0.364767,0.943159,0.732412,0.503148,0.014581,0.789736,0.503369,0.994609,1.000000,0.127947,0.792996,0.108569
side table#587,0.010815,0.028884,0.025071,0.125081,0.061598,0.028929,0.015717,0.023556,0.029171,0.032902,0.656618,0.001910,0.000789,0.520397,0.019563,0.023261,0.539876,0.404576,0.412073,0.052346,0.195035,0.376983,0.008305,0.612838,0.608432,0.627157,0.608087,0.094533,0.029087,0.245112,0.100571,0.124923,0.333469,0.721905,0.033581,0.034138,0.063594,0.065309,0.142096,0.240357,0.189293,0.086390,0.399842,0.359803,0.177330,0.399762,0.124840,0.127947,1.000000,0.287311,0.959393
side table#590,0.036286,0.016067,0.106535,0.394250,0.170371,0.062729,0.032574,0.033315,0.078678,0.014694,0.373323,0.000304,0.000074,0.104301,0.035849,0.098235,0.548784,0.618685,0.025781,0.029432,0.012750,0.060545,0.000133,0.103900,0.110965,0.135744,0.116082,0.432923,0.102135,0.884422,0.533410,0.707482,0.985150,0.300815,0.110359,0.108676,0.536223,0.552973,0.641536,0.738273,0.876610,0.416426,0.884033,0.066400,0.550896,0.884194,0.791197,0.792996,0.287311,1.000000,0.250278
table lamp#591,0.012535,0.038372,0.028004,0.112427,0.058812,0.028574,0.018262,0.027587,0.028235,0.044167,0.626317,0.002219,0.000943,0.653694,0.020727,0.023113,0.510512,0.370547,0.520095,0.060265,0.278057,0.339946,0.011422,0.525725,0.521845,0.547102,0.524808,0.100684,0.032605,0.209284,0.109127,0.128549,0.281231,0.725970,0.033852,0.034482,0.050858,0.049858,0.144041,0.208051,0.151993,0.066442,0.364723,0.459053,0.146715,0.364646,0.102858,0.108569,0.959393,0.250278,1.000000
