object,cabinet#130,cabinet#134,cabinet#135,cabinet#136,cabinet#140,cabinet#141,cabinet#143,cabinet#145,cabinet#146,cabinet#147,chair#131,chair#132,chair#139,clock#137,coffee maker#138,coffee maker#142,dining table#133,outlet#144,picture frame#129,refrigerator#128,clock#200,couch#199,shelf#202,side table#201,side table#203,side table#204,side table#205,cabinet#523,cabinet#524,cabinet#525,cabinet#526,cabinet#527,chair#518,chair#519,coffee maker#529,coffee maker#531,fireplace#528,fireplace#530,microwave#520,oven#521,side table#522,side table#532,chair#593,clock#589,couch#588,couch#592,fireplace#594,fireplace#595,side table#587,side table#590,table lamp#591
cabinet#130,1.000000,0.866991,0.860414,0.821415,0.867407,0.864956,0.915728,0.887559,0.812111,0.879722,0.466864,0.572338,0.622707,0.450772,0.425310,0.447053,0.559470,0.538678,0.509929,0.567793,0.452844,0.589057,0.463406,0.527703,0.594706,0.624072,0.606562,0.863211,0.848393,0.891265,0.885977,0.929141,0.564195,0.391561,0.466812,0.510846,0.450417,0.481865,0.480031,0.608971,0.657234,0.490439,0.561455,0.368154,0.552546,0.592936,0.509972,0.454000,0.478941,0.612621,0.372678
cabinet#134,0.866991,1.000000,0.801622,0.788233,0.827012,0.835553,0.836155,0.814719,0.790254,0.834318,0.455835,0.558962,0.596942,0.433208,0.365652,0.396178,0.542021,0.481788,0.444143,0.530959,0.414367,0.582442,0.425542,0.516109,0.584212,0.619602,0.599864,0.769631,0.869771,0.835548,0.858132,0.860713,0.544811,0.422323,0.442653,0.463132,0.425250,0.433290,0.411363,0.557001,0.654224,0.485853,0.565716,0.314240,0.584687,0.594286,0.464922,0.441240,0.544719,0.581983,0.402447
cabinet#135,0.860414,0.801622,1.000000,0.803149,0.815296,0.798363,0.794402,0.786598,0.767228,0.735052,0.448682,0.528247,0.572867,0.474899,0.371889,0.409861,0.562359,0.468534,0.430851,0.598191,0.455737,0.539724,0.489687,0.503637,0.522709,0.592378,0.576359,0.810081,0.815965,0.756504,0.806200,0.861219,0.569146,0.348178,0.435807,0.488528,0.433682,0.447335,0.475514,0.523458,0.602893,0.526433,0.532966,0.384996,0.531182,0.569812,0.467250,0.436789,0.460499,0.588562,0.417342
cabinet#136,0.821415,0.788233,0.803149,1.000000,0.829906,0.815362,0.791915,0.755021,0.818477,0.703514,0.450196,0.493538,0.575639,0.409875,0.418411,0.475339,0.620386,0.486382,0.378642,0.598122,0.403526,0.531046,0.499945,0.489626,0.517267,0.598017,0.558966,0.769481,0.786066,0.764866,0.803243,0.841388,0.519146,0.339501,0.488823,0.557386,0.454159,0.467487,0.561840,0.601454,0.611311,0.465722,0.504469,0.286065,0.534973,0.534096,0.452328,0.450846,0.467395,0.575468,0.410344
cabinet#140,0.867407,0.827012,0.815296,0.829906,1.000000,0.848531,0.875724,0.807613,0.887738,0.798796,0.445797,0.532970,0.597973,0.435600,0.413223,0.500119,0.639047,0.575304,0.507741,0.623302,0.432265,0.577574,0.506240,0.517787,0.528702,0.618847,0.557417,0.807608,0.813489,0.819233,0.851092,0.887641,0.595883,0.417752,0.518922,0.590079,0.468186,0.489504,0.550550,0.620100,0.637083,0.488787,0.501146,0.322174,0.549801,0.561797,0.454701,0.457301,0.427575,0.550905,0.432233
cabinet#141,0.864956,0.835553,0.798363,0.815362,0.848531,1.000000,0.861629,0.793573,0.848623,0.780261,0.487170,0.601555,0.612183,0.481833,0.459287,0.508213,0.559363,0.539968,0.442851,0.602338,0.479506,0.619025,0.506959,0.524510,0.577192,0.651501,0.614041,0.787902,0.813621,0.818412,0.868773,0.887196,0.598741,0.423784,0.520438,0.583852,0.501103,0.519734,0.528340,0.612052,0.700207,0.507925,0.562524,0.381630,0.618701,0.603877,0.507253,0.494842,0.507572,0.675152,0.423591
cabinet#143,0.915728,0.836155,0.794402,0.791915,0.875724,0.861629,1.000000,0.874147,0.870727,0.881318,0.471064,0.553886,0.586667,0.473982,0.480908,0.526338,0.583964,0.572632,0.493889,0.605252,0.487316,0.611536,0.479954,0.517923,0.571471,0.618262,0.577850,0.863452,0.835009,0.894748,0.894723,0.894355,0.606966,0.406616,0.535997,0.579590,0.493218,0.528618,0.562060,0.640760,0.675824,0.488210,0.544278,0.381912,0.587622,0.591708,0.529118,0.480062,0.461622,0.603965,0.406788
cabinet#145,0.887559,0.814719,0.786598,0.755021,0.807613,0.793573,0.874147,1.000000,0.802034,0.871312,0.441384,0.537873,0.596423,0.395672,0.426658,0.439046,0.556988,0.513966,0.508846,0.518571,0.396255,0.543947,0.464487,0.545015,0.574079,0.585262,0.536061,0.858582,0.850340,0.872579,0.855870,0.855166,0.496850,0.361962,0.447566,0.461912,0.466764,0.477206,0.432463,0.582954,0.648847,0.464245,0.509551,0.347243,0.505168,0.545537,0.513018,0.469901,0.447493,0.564129,0.392575
cabinet#146,0.812111,0.790254,0.767228,0.818477,0.887738,0.848623,0.870727,0.802034,1.000000,0.770929,0.422836,0.517442,0.582503,0.492261,0.463560,0.538647,0.655768,0.621052,0.431884,0.672860,0.481292,0.598907,0.512908,0.513593,0.523260,0.638778,0.558312,0.804161,0.781848,0.796128,0.838930,0.865727,0.590185,0.369320,0.559740,0.658882,0.534860,0.555637,0.595313,0.582692,0.649505,0.542075,0.500072,0.336735,0.571709,0.540313,0.515482,0.486999,0.430474,0.577970,0.459717
cabinet#147,0.879722,0.834318,0.735052,0.703514,0.798796,0.780261,0.881318,0.871312,0.770929,1.000000,0.410328,0.515109,0.552520,0.431077,0.435175,0.449348,0.525506,0.564609,0.524777,0.514730,0.443541,0.572589,0.448147,0.509439,0.613372,0.630306,0.571914,0.837327,0.830859,0.899058,0.858339,0.855738,0.513545,0.410618,0.464549,0.475010,0.452503,0.473365,0.450200,0.603035,0.655025,0.462181,0.554970,0.385280,0.507065,0.567887,0.527031,0.463612,0.459258,0.544679,0.347428
chair#131,0.466864,0.455835,0.448682,0.450196,0.445797,0.487170,0.471064,0.441384,0.422836,0.410328,1.000000,0.778310,0.658282,0.345187,0.293016,0.322394,0.435739,0.263250,0.258865,0.269018,0.347895,0.508980,0.263896,0.502462,0.479216,0.488478,0.509370,0.407313,0.377743,0.446534,0.392070,0.449845,0.539284,0.757345,0.361127,0.342777,0.259298,0.321228,0.244836,0.310812,0.534575,0.464516,0.575713,0.286821,0.483335,0.511122,0.286743,0.312682,0.495141,0.532101,0.329379
chair#132,0.572338,0.558962,0.528247,0.493538,0.532970,0.601555,0.553886,0.537873,0.517442,0.515109,0.778310,1.000000,0.756528,0.370430,0.303140,0.358384,0.481324,0.352941,0.330160,0.344414,0.355414,0.512706,0.352341,0.478496,0.493350,0.522956,0.521169,0.487075,0.495022,0.522801,0.498937,0.553554,0.584447,0.808176,0.374755,0.371720,0.337056,0.362598,0.287760,0.413102,0.548411,0.442992,0.560518,0.312571,0.512258,0.500609,0.373466,0.397721,0.523574,0.526193,0.338706
chair#139,0.622707,0.596942,0.572867,0.575639,0.597973,0.612183,0.586667,0.596423,0.582503,0.552520,0.658282,0.756528,1.000000,0.398759,0.328443,0.384937,0.651245,0.435997,0.417160,0.388189,0.386324,0.617650,0.412143,0.573534,0.543712,0.584288,0.597169,0.551807,0.533385,0.564792,0.546361,0.612973,0.637278,0.552175,0.413881,0.415992,0.396969,0.430476,0.325158,0.488190,0.579812,0.484974,0.628764,0.331132,0.610266,0.603491,0.397246,0.457786,0.513262,0.539437,0.450466
clock#137,0.450772,0.433208,0.474899,0.409875,0.435600,0.481833,0.473982,0.395672,0.492261,0.431077,0.345187,0.370430,0.398759,1.000000,0.442133,0.532299,0.433531,0.585306,0.335584,0.465379,0.927463,0.437070,0.401156,0.419983,0.348347,0.483043,0.401839,0.502941,0.431175,0.466307,0.413727,0.513232,0.508887,0.391040,0.568258,0.574352,0.515272,0.538153,0.478304,0.415272,0.463836,0.521296,0.365590,0.793927,0.450153,0.407191,0.439196,0.522410,0.394266,0.432375,0.477883
coffee maker#138,0.425310,0.365652,0.371889,0.418411,0.413223,0.459287,0.480908,0.426658,0.463560,0.435175,0.293016,0.303140,0.328443,0.442133,1.000000,0.755050,0.417150,0.467695,0.377619,0.447159,0.431685,0.446111,0.363966,0.387586,0.351506,0.449526,0.372727,0.520847,0.429072,0.444279,0.441560,0.446142,0.390868,0.253009,0.754241,0.720267,0.406872,0.476192,0.465319,0.470516,0.441141,0.481917,0.369688,0.415658,0.372270,0.383257,0.443220,0.433660,0.344333,0.409015,0.347863
coffee maker#142,0.447053,0.396178,0.409861,0.475339,0.500119,0.508213,0.526338,0.439046,0.538647,0.449348,0.322394,0.358384,0.384937,0.532299,0.755050,1.000000,0.510205,0.591355,0.360274,0.615114,0.514657,0.485444,0.496925,0.465440,0.378726,0.497114,0.411193,0.552511,0.421795,0.466261,0.463146,0.498244,0.517551,0.308502,0.909463,0.879514,0.479445,0.537921,0.621017,0.577768,0.482031,0.506899,0.405310,0.457191,0.429540,0.426950,0.484866,0.492763,0.412744,0.429264,0.459801
dining table#133,0.559470,0.542021,0.562359,0.620386,0.639047,0.559363,0.583964,0.556988,0.655768,0.525506,0.435739,0.481324,0.651245,0.433531,0.417150,0.510205,1.000000,0.536923,0.374604,0.505059,0.402687,0.589118,0.433115,0.549655,0.504582,0.670850,0.611892,0.616187,0.559070,0.520929,0.584842,0.600908,0.560151,0.369634,0.503729,0.561159,0.478722,0.477252,0.455329,0.448420,0.654170,0.571977,0.453465,0.309046,0.483141,0.452269,0.450044,0.510150,0.453101,0.557168,0.489904
outlet#144,0.538678,0.481788,0.468534,0.486382,0.575304,0.539968,0.572632,0.513966,0.621052,0.564609,0.263250,0.352941,0.435997,0.585306,0.467695,0.591355,0.536923,1.000000,0.400350,0.579515,0.520872,0.517821,0.537262,0.390706,0.384704,0.547239,0.421284,0.622168,0.506413,0.570809,0.541239,0.606882,0.540828,0.352856,0.580228,0.625566,0.550513,0.535035,0.542625,0.531807,0.518312,0.485026,0.388819,0.484650,0.455830,0.421870,0.503683,0.542232,0.318816,0.411138,0.477921
picture frame#129,0.509929,0.444143,0.430851,0.378642,0.507741,0.442851,0.493889,0.508846,0.431884,0.524777,0.258865,0.330160,0.417160,0.335584,0.377619,0.360274,0.374604,0.400350,1.000000,0.303058,0.318073,0.389216,0.320538,0.383724,0.381677,0.427994,0.387584,0.477525,0.430110,0.490087,0.460835,0.527332,0.357424,0.300084,0.352071,0.376116,0.310279,0.347129,0.288557,0.394192,0.383006,0.315407,0.292322,0.264178,0.337581,0.336187,0.362379,0.357725,0.292674,0.388944,0.277811
refrigerator#128,0.567793,0.530959,0.598191,0.598122,0.623302,0.602338,0.605252,0.518571,0.672860,0.514730,0.269018,0.344414,0.388189,0.465379,0.447159,0.615114,0.505059,0.579515,0.303058,1.000000,0.473605,0.470592,0.583158,0.337736,0.303832,0.458869,0.395039,0.629297,0.544382,0.528212,0.587128,0.644430,0.540742,0.259615,0.611187,0.692916,0.504374,0.557237,0.762760,0.587792,0.425117,0.472531,0.381400,0.385531,0.482211,0.446748,0.497759,0.446093,0.287243,0.339136,0.378940
clock#200,0.452844,0.414367,0.455737,0.403526,0.432265,0.479506,0.487316,0.396255,0.481292,0.443541,0.347895,0.355414,0.386324,0.927463,0.431685,0.514657,0.402687,0.520872,0.318073,0.473605,1.000000,0.416035,0.360981,0.382276,0.353169,0.458342,0.403617,0.489469,0.415288,0.472459,0.422126,0.492007,0.452720,0.375576,0.565027,0.552479,0.475532,0.534279,0.481320,0.399228,0.423948,0.513627,0.331228,0.792316,0.446037,0.402455,0.447611,0.474715,0.395529,0.415698,0.448875
couch#199,0.589057,0.582442,0.539724,0.531046,0.577574,0.619025,0.611536,0.543947,0.598907,0.572589,0.508980,0.512706,0.617650,0.437070,0.446111,0.485444,0.589118,0.517821,0.389216,0.470592,0.416035,1.000000,0.391263,0.640263,0.589178,0.670792,0.694204,0.574552,0.585191,0.568193,0.587441,0.608751,0.724348,0.368331,0.510423,0.565833,0.463285,0.532430,0.433836,0.473749,0.735034,0.584420,0.735672,0.328452,0.846521,0.822570,0.500791,0.457188,0.535743,0.629971,0.419550
shelf#202,0.463406,0.425542,0.489687,0.499945,0.506240,0.506959,0.479954,0.464487,0.512908,0.448147,0.263896,0.352341,0.412143,0.401156,0.363966,0.496925,0.433115,0.537262,0.320538,0.583158,0.360981,0.391263,1.000000,0.413100,0.378947,0.408070,0.388195,0.518779,0.485330,0.468066,0.484409,0.517927,0.429373,0.298685,0.468077,0.499664,0.469359,0.460596,0.526761,0.514668,0.348550,0.377908,0.344611,0.359316,0.416648,0.369639,0.415716,0.464811,0.394734,0.333126,0.366923
side table#201,0.527703,0.516109,0.503637,0.489626,0.517787,0.524510,0.517923,0.545015,0.513593,0.509439,0.502462,0.478496,0.573534,0.419983,0.387586,0.465440,0.549655,0.390706,0.383724,0.337736,0.382276,0.640263,0.413100,1.000000,0.755259,0.776605,0.806346,0.529401,0.557453,0.553793,0.519166,0.541158,0.470511,0.396049,0.481032,0.470679,0.426018,0.451879,0.299728,0.466074,0.728019,0.665995,0.527522,0.340921,0.517976,0.557569,0.439995,0.489012,0.745020,0.728438,0.492464
side table#203,0.594706,0.584212,0.522709,0.517267,0.528702,0.577192,0.571471,0.574079,0.523260,0.613372,0.479216,0.493350,0.543712,0.348347,0.351506,0.378726,0.504582,0.384704,0.381677,0.303832,0.353169,0.589178,0.378947,0.755259,1.000000,0.786102,0.790700,0.540232,0.575031,0.624772,0.573113,0.580293,0.407679,0.429037,0.389430,0.391291,0.383894,0.395646,0.289519,0.450546,0.717222,0.550008,0.594846,0.314968,0.483739,0.582018,0.443331,0.434024,0.794748,0.746096,0.384114
side table#204,0.624072,0.619602,0.592378,0.598017,0.618847,0.651501,0.618262,0.585262,0.638778,0.630306,0.488478,0.522956,0.584288,0.483043,0.449526,0.497114,0.670850,0.547239,0.427994,0.458869,0.458342,0.670792,0.408070,0.776605,0.786102,1.000000,0.870559,0.626311,0.621165,0.629654,0.621474,0.677917,0.553601,0.453797,0.521932,0.560267,0.522372,0.546700,0.430009,0.464498,0.809757,0.716644,0.548475,0.366018,0.544240,0.576538,0.539922,0.561158,0.716534,0.802296,0.475902
side table#205,0.606562,0.599864,0.576359,0.558966,0.557417,0.614041,0.577850,0.536061,0.558312,0.571914,0.509370,0.521169,0.597169,0.401839,0.372727,0.411193,0.611892,0.421284,0.387584,0.395039,0.403617,0.694204,0.388195,0.806346,0.790700,0.870559,1.000000,0.537293,0.568762,0.583909,0.571987,0.608936,0.531532,0.420638,0.440626,0.463317,0.435560,0.477300,0.338961,0.424751,0.745917,0.666279,0.579318,0.301290,0.602889,0.620846,0.501668,0.481723,0.744608,0.826820,0.419793
cabinet#523,0.863211,0.769631,0.810081,0.769481,0.807608,0.787902,0.863452,0.858582,0.804161,0.837327,0.407313,0.487075,0.551807,0.502941,0.520847,0.552511,0.616187,0.622168,0.477525,0.629297,0.489469,0.574552,0.518779,0.529401,0.540232,0.626311,0.537293,1.000000,0.865329,0.852886,0.865436,0.893949,0.569413,0.341665,0.572946,0.603238,0.573967,0.575204,0.540462,0.631091,0.646738,0.548365,0.492551,0.411450,0.514015,0.532469,0.607004,0.577250,0.453650,0.540710,0.433624
cabinet#524,0.848393,0.869771,0.815965,0.786066,0.813489,0.813621,0.835009,0.850340,0.781848,0.830859,0.377743,0.495022,0.533385,0.431175,0.429072,0.421795,0.559070,0.506413,0.430110,0.544382,0.415288,0.585191,0.485330,0.557453,0.575031,0.621165,0.568762,0.865329,1.000000,0.845861,0.890163,0.857058,0.508728,0.349377,0.458852,0.487252,0.538924,0.506581,0.415677,0.551043,0.676774,0.538333,0.507449,0.342751,0.544643,0.569714,0.548729,0.550836,0.515272,0.567270,0.402562
cabinet#525,0.891265,0.835548,0.756504,0.764866,0.819233,0.818412,0.894748,0.872579,0.796128,0.899058,0.446534,0.522801,0.564792,0.466307,0.444279,0.466261,0.520929,0.570809,0.490087,0.528212,0.472459,0.568193,0.468066,0.553793,0.624772,0.629654,0.583909,0.852886,0.845861,1.000000,0.873896,0.880400,0.509403,0.437174,0.481647,0.499869,0.454510,0.499113,0.476335,0.640414,0.653618,0.493279,0.554144,0.384081,0.520036,0.586529,0.513312,0.476237,0.515459,0.635192,0.371467
cabinet#526,0.885977,0.858132,0.806200,0.803243,0.851092,0.868773,0.894723,0.855870,0.838930,0.858339,0.392070,0.498937,0.546361,0.413727,0.441560,0.463146,0.584842,0.541239,0.460835,0.587128,0.422126,0.587441,0.484409,0.519166,0.573113,0.621474,0.571987,0.865436,0.890163,0.873896,1.000000,0.892177,0.527577,0.353149,0.460550,0.520216,0.507631,0.492484,0.502403,0.639575,0.678604,0.475281,0.513013,0.338987,0.559518,0.562216,0.528161,0.492798,0.468025,0.581672,0.363750
cabinet#527,0.929141,0.860713,0.861219,0.841388,0.887641,0.887196,0.894355,0.855166,0.865727,0.855738,0.449845,0.553554,0.612973,0.513232,0.446142,0.498244,0.600908,0.606882,0.527332,0.644430,0.492007,0.608751,0.517927,0.541158,0.580293,0.677917,0.608936,0.893949,0.857058,0.880400,0.892177,1.000000,0.612516,0.405835,0.525179,0.598735,0.523375,0.554483,0.566611,0.632042,0.678761,0.540708,0.550401,0.376963,0.598122,0.600685,0.554628,0.524200,0.489137,0.607334,0.409587
chair#518,0.564195,0.544811,0.569146,0.519146,0.595883,0.598741,0.606966,0.496850,0.590185,0.513545,0.539284,0.584447,0.637278,0.508887,0.390868,0.517551,0.560151,0.540828,0.357424,0.540742,0.452720,0.724348,0.429373,0.470511,0.407679,0.553601,0.531532,0.569413,0.508728,0.509403,0.527577,0.612516,1.000000,0.478147,0.527069,0.569131,0.452376,0.496871,0.494369,0.508651,0.638373,0.508010,0.747384,0.341098,0.777222,0.759703,0.439301,0.449587,0.382988,0.466608,0.461491
chair#519,0.391561,0.422323,0.348178,0.339501,0.417752,0.423784,0.406616,0.361962,0.369320,0.410618,0.757345,0.808176,0.552175,0.391040,0.253009,0.308502,0.369634,0.352856,0.300084,0.259615,0.375576,0.368331,0.298685,0.396049,0.429037,0.453797,0.420638,0.341665,0.349377,0.437174,0.353149,0.405835,0.478147,1.000000,0.321141,0.286187,0.271226,0.329082,0.232846,0.331243,0.440717,0.409373,0.453302,0.344288,0.358218,0.387024,0.301031,0.341936,0.455245,0.429931,0.295731
coffee maker#529,0.466812,0.442653,0.435807,0.488823,0.518922,0.520438,0.535997,0.447566,0.559740,0.464549,0.361127,0.374755,0.413881,0.568258,0.754241,0.909463,0.503729,0.580228,0.352071,0.611187,0.565027,0.510423,0.468077,0.481032,0.389430,0.521932,0.440626,0.572946,0.458852,0.481647,0.460550,0.525179,0.527069,0.321141,1.000000,0.907451,0.501722,0.572991,0.599792,0.544574,0.487873,0.557690,0.407497,0.484036,0.462956,0.451022,0.517793,0.508617,0.419073,0.439645,0.455231
coffee maker#531,0.510846,0.463132,0.488528,0.557386,0.590079,0.583852,0.579590,0.461912,0.658882,0.475010,0.342777,0.371720,0.415992,0.574352,0.720267,0.879514,0.561159,0.625566,0.376116,0.692916,0.552479,0.565833,0.499664,0.470679,0.391291,0.560267,0.463317,0.603238,0.487252,0.499869,0.520216,0.598735,0.569131,0.286187,0.907451,1.000000,0.531185,0.591132,0.691711,0.565477,0.522415,0.591156,0.420707,0.444238,0.504522,0.468892,0.524575,0.500456,0.386370,0.461505,0.428874
fireplace#528,0.450417,0.425250,0.433682,0.454159,0.468186,0.501103,0.493218,0.466764,0.534860,0.452503,0.259298,0.337056,0.396969,0.515272,0.406872,0.479445,0.478722,0.550513,0.310279,0.504374,0.475532,0.463285,0.469359,0.426018,0.383894,0.522372,0.435560,0.573967,0.538924,0.454510,0.507631,0.523375,0.452376,0.271226,0.501722,0.531185,1.000000,0.815164,0.471654,0.536452,0.487911,0.543112,0.305064,0.429051,0.428908,0.370437,0.829181,0.921794,0.396938,0.382163,0.403520
fireplace#530,0.481865,0.433290,0.447335,0.467487,0.489504,0.519734,0.528618,0.477206,0.555637,0.473365,0.321228,0.362598,0.430476,0.538153,0.476192,0.537921,0.477252,0.535035,0.347129,0.557237,0.534279,0.532430,0.460596,0.451879,0.395646,0.546700,0.477300,0.575204,0.506581,0.499113,0.492484,0.554483,0.496871,0.329082,0.572991,0.591132,0.815164,1.000000,0.546738,0.548002,0.459396,0.590416,0.402660,0.425418,0.499888,0.473850,0.843957,0.778695,0.450848,0.411322,0.341689
microwave#520,0.480031,0.411363,0.475514,0.561840,0.550550,0.528340,0.562060,0.432463,0.595313,0.450200,0.244836,0.287760,0.325158,0.478304,0.465319,0.621017,0.455329,0.542625,0.288557,0.762760,0.481320,0.433836,0.526761,0.299728,0.289519,0.430009,0.338961,0.540462,0.415677,0.476335,0.502403,0.566611,0.494369,0.232846,0.599792,0.691711,0.471654,0.546738,1.000000,0.638122,0.392976,0.391128,0.329965,0.398766,0.425176,0.363997,0.464503,0.417231,0.258356,0.341997,0.354981
oven#521,0.608971,0.557001,0.523458,0.601454,0.620100,0.612052,0.640760,0.582954,0.582692,0.603035,0.310812,0.413102,0.488190,0.415272,0.470516,0.577768,0.448420,0.531807,0.394192,0.587792,0.399228,0.473749,0.514668,0.466074,0.450546,0.464498,0.424751,0.631091,0.551043,0.640414,0.639575,0.632042,0.508651,0.331243,0.544574,0.565477,0.536452,0.548002,0.638122,1.000000,0.482031,0.371220,0.419795,0.380289,0.454011,0.452429,0.526752,0.539661,0.398738,0.417828,0.359281
side table#522,0.657234,0.654224,0.602893,0.611311,0.637083,0.700207,0.675824,0.648847,0.649505,0.655025,0.534575,0.548411,0.579812,0.463836,0.441141,0.482031,0.654170,0.518312,0.383006,0.425117,0.423948,0.735034,0.348550,0.728019,0.717222,0.809757,0.745917,0.646738,0.676774,0.653618,0.678604,0.678761,0.638373,0.440717,0.487873,0.522415,0.487911,0.459396,0.392976,0.482031,1.000000,0.647580,0.622685,0.326237,0.630209,0.631248,0.480837,0.491113,0.617801,0.785725,0.488964
side table#532,0.490439,0.485853,0.526433,0.465722,0.488787,0.507925,0.488210,0.464245,0.542075,0.462181,0.464516,0.442992,0.484974,0.521296,0.481917,0.506899,0.571977,0.485026,0.315407,0.472531,0.513627,0.584420,0.377908,0.665995,0.550008,0.716644,0.666279,0.548365,0.538333,0.493279,0.475281,0.540708,0.508010,0.409373,0.557690,0.591156,0.543112,0.590416,0.391128,0.371220,0.647580,1.000000,0.463997,0.444288,0.496317,0.500303,0.598163,0.544693,0.553741,0.621387,0.524400
chair#593,0.561455,0.565716,0.532966,0.504469,0.501146,0.562524,0.544278,0.509551,0.500072,0.554970,0.575713,0.560518,0.628764,0.365590,0.369688,0.405310,0.453465,0.388819,0.292322,0.381400,0.331228,0.735672,0.344611,0.527522,0.594846,0.548475,0.579318,0.492551,0.507449,0.554144,0.513013,0.550401,0.747384,0.453302,0.407497,0.420707,0.305064,0.402660,0.329965,0.419795,0.622685,0.463997,1.000000,0.285846,0.710204,0.875417,0.392230,0.342435,0.469500,0.516502,0.322040
clock#589,0.368154,0.314240,0.384996,0.286065,0.322174,0.381630,0.381912,0.347243,0.336735,0.385280,0.286821,0.312571,0.331132,0.793927,0.415658,0.457191,0.309046,0.484650,0.264178,0.385531,0.792316,0.328452,0.359316,0.340921,0.314968,0.366018,0.301290,0.411450,0.342751,0.384081,0.338987,0.376963,0.341098,0.344288,0.484036,0.444238,0.429051,0.425418,0.398766,0.380289,0.326237,0.444288,0.285846,1.000000,0.322016,0.335830,0.385461,0.452977,0.296185,0.333207,0.402095
couch#588,0.552546,0.584687,0.531182,0.534973,0.549801,0.618701,0.587622,0.505168,0.571709,0.507065,0.483335,0.512258,0.610266,0.450153,0.372270,0.429540,0.483141,0.455830,0.337581,0.482211,0.446037,0.846521,0.416648,0.517976,0.483739,0.544240,0.602889,0.514015,0.544643,0.520036,0.559518,0.598122,0.777222,0.358218,0.462956,0.504522,0.428908,0.499888,0.425176,0.454011,0.630209,0.496317,0.710204,0.322016,1.000000,0.837594,0.444362,0.391265,0.469076,0.514666,0.445182
couch#592,0.592936,0.594286,0.569812,0.534096,0.561797,0.603877,0.591708,0.545537,0.540313,0.567887,0.511122,0.500609,0.603491,0.407191,0.383257,0.426950,0.452269,0.421870,0.336187,0.446748,0.402455,0.822570,0.369639,0.557569,0.582018,0.576538,0.620846,0.532469,0.569714,0.586529,0.562216,0.600685,0.759703,0.387024,0.451022,0.468892,0.370437,0.473850,0.363997,0.452429,0.631248,0.500303,0.875417,0.335830,0.837594,1.000000,0.435500,0.376497,0.481422,0.548639,0.360920
fireplace#594,0.509972,0.464922,0.467250,0.452328,0.454701,0.507253,0.529118,0.513018,0.515482,0.527031,0.286743,0.373466,0.397246,0.439196,0.443220,0.484866,0.450044,0.503683,0.362379,0.497759,0.447611,0.500791,0.415716,0.439995,0.443331,0.539922,0.501668,0.607004,0.548729,0.513312,0.528161,0.554628,0.439301,0.301031,0.517793,0.524575,0.829181,0.843957,0.464503,0.526752,0.480837,0.598163,0.392230,0.385461,0.444362,0.435500,1.000000,0.807996,0.432243,0.413082,0.295595
fireplace#595,0.454000,0.441240,0.436789,0.450846,0.457301,0.494842,0.480062,0.469901,0.486999,0.463612,0.312682,0.397721,0.457786,0.522410,0.433660,0.492763,0.510150,0.542232,0.357725,0.446093,0.474715,0.457188,0.464811,0.489012,0.434024,0.561158,0.481723,0.577250,0.550836,0.476237,0.492798,0.524200,0.449587,0.341936,0.508617,0.500456,0.921794,0.778695,0.417231,0.539661,0.491113,0.544693,0.342435,0.452977,0.391265,0.376497,0.807996,1.000000,0.466345,0.435933,0.392309
side table#587,0.478941,0.544719,0.460499,0.467395,0.427575,0.507572,0.461622,0.447493,0.430474,0.459258,0.495141,0.523574,0.513262,0.394266,0.344333,0.412744,0.453101,0.318816,0.292674,0.287243,0.395529,0.535743,0.394734,0.745020,0.794748,0.716534,0.744608,0.453650,0.515272,0.515459,0.468025,0.489137,0.382988,0.455245,0.419073,0.386370,0.396938,0.450848,0.258356,0.398738,0.617801,0.553741,0.469500,0.296185,0.469076,0.481422,0.432243,0.466345,1.000000,0.722022,0.405340
side table#590,0.612621,0.581983,0.588562,0.575468,0.550905,0.675152,0.603965,0.564129,0.577970,0.544679,0.532101,0.526193,0.539437,0.432375,0.409015,0.429264,0.557168,0.411138,0.388944,0.339136,0.415698,0.629971,0.333126,0.728438,0.746096,0.802296,0.826820,0.540710,0.567270,0.635192,0.581672,0.607334,0.466608,0.429931,0.439645,0.461505,0.382163,0.411322,0.341997,0.417828,0.785725,0.621387,0.516502,0.333207,0.514666,0.548639,0.413082,0.435933,0.722022,1.000000,0.427332
table lamp#591,0.372678,0.402447,0.417342,0.410344,0.432233,0.423591,0.406788,0.392575,0.459717,0.347428,0.329379,0.338706,0.450466,0.477883,0.347863,0.459801,0.489904,0.477921,0.277811,0.378940,0.448875,0.419550,0.366923,0.492464,0.384114,0.475902,0.419793,0.433624,0.402562,0.371467,0.363750,0.409587,0.461491,0.295731,0.455231,0.428874,0.403520,0.341689,0.354981,0.359281,0.488964,0.524400,0.322040,0.402095,0.445182,0.360920,0.295595,0.392309,0.405340,0.427332,1.000000
