1.000000,0.269073,0.564037,0.266091,0.379834,0.317142,0.494304,0.600040,0.554525,0.381485,0.341642,0.462337,0.603130,0.543561,0.406534,0.572742,0.513594,0.491139,0.622088,0.463525,0.417145,0.333352,0.396162,0.516092,0.294387,0.529481,0.406582,0.478411,0.261240,0.739877,0.520244,0.444233,0.549864,0.563400,0.468335,0.529491,0.634095,0.472201,0.564206,0.528100,0.609818,0.566600,0.396569,0.454534,0.368548,0.323703,0.388328,0.373648,0.393240,0.434717,0.476476
0.269073,1.000000,0.447233,0.236596,0.299341,0.297564,0.416465,0.383553,0.336809,0.319244,0.327018,0.340804,0.462150,0.438043,0.255956,0.449521,0.340964,0.461342,0.400479,0.447285,0.339576,0.257015,0.309833,0.284039,0.355654,0.423571,0.364100,0.318416,0.319530,0.272684,0.341546,0.363735,0.430782,0.432707,0.429250,0.407943,0.469247,0.239177,0.311692,0.280657,0.331914,0.287023,0.280386,0.340714,0.257083,0.384567,0.257619,0.315344,0.259819,0.330900,0.304586
0.564037,0.447233,1.000000,0.430746,0.517480,0.481216,0.760169,0.795284,0.779539,0.432005,0.386476,0.551760,0.813277,0.808567,0.331504,0.906987,0.553870,0.836547,0.774658,0.803098,0.526859,0.409167,0.498338,0.388302,0.541768,0.641391,0.571342,0.590400,0.336480,0.525491,0.528699,0.669117,0.844997,0.769757,0.827387,0.822780,0.897118,0.458432,0.445902,0.534474,0.519841,0.525470,0.470440,0.528733,0.378875,0.572438,0.309692,0.503735,0.514361,0.482699,0.445923
0.266091,0.236596,0.430746,1.000000,0.754691,0.414499,0.441568,0.446099,0.442649,0.410850,0.298977,0.608750,0.431045,0.489037,0.283880,0.457760,0.219397,0.433705,0.377505,0.367314,0.518866,0.374100,0.486441,0.203660,0.480644,0.416628,0.456807,0.539576,0.673404,0.304185,0.329414,0.600278,0.417366,0.423001,0.465996,0.420408,0.431398,0.252907,0.328467,0.275620,0.374359,0.423593,0.482902,0.472009,0.309214,0.489171,0.297175,0.491707,0.453098,0.289764,0.298831
0.379834,0.299341,0.517480,0.754691,1.000000,0.451239,0.546299,0.512618,0.498048,0.364248,0.266263,0.720395,0.532728,0.604962,0.286417,0.542470,0.317618,0.515864,0.515326,0.494767,0.534811,0.318405,0.463025,0.289941,0.499401,0.483668,0.490214,0.544471,0.698063,0.371316,0.445092,0.644652,0.506401,0.503635,0.526972,0.518236,0.512967,0.336414,0.315544,0.334628,0.390187,0.434104,0.526691,0.488402,0.282212,0.491850,0.327727,0.463428,0.475598,0.353577,0.385707
0.317142,0.297564,0.481216,0.414499,0.451239,1.000000,0.466283,0.424588,0.492812,0.332372,0.389566,0.567389,0.553713,0.485785,0.374167,0.502798,0.425283,0.480973,0.539352,0.453379,0.493397,0.305625,0.473485,0.302418,0.445660,0.544171,0.580058,0.445198,0.330136,0.281238,0.345978,0.614793,0.494705,0.450090,0.434654,0.464087,0.438202,0.369302,0.346155,0.359190,0.403021,0.500411,0.453050,0.375614,0.292160,0.514630,0.339949,0.379958,0.389092,0.317668,0.413182
0.494304,0.416465,0.760169,0.441568,0.546299,0.466283,1.000000,0.696473,0.692115,0.411319,0.362662,0.564104,0.743206,0.753457,0.359875,0.768303,0.448249,0.750392,0.653746,0.840374,0.562605,0.351686,0.502506,0.337349,0.641458,0.619642,0.594504,0.517208,0.452184,0.440732,0.569751,0.672763,0.743428,0.812759,0.831475,0.849658,0.734252,0.432951,0.422498,0.409198,0.466373,0.464925,0.568672,0.544388,0.382389,0.574414,0.353903,0.579342,0.588873,0.510546,0.443869
0.600040,0.383553,0.795284,0.446099,0.512618,0.424588,0.696473,1.000000,0.718589,0.426377,0.354229,0.514449,0.738848,0.743794,0.306576,0.760876,0.420130,0.749246,0.668365,0.666489,0.508035,0.401807,0.481920,0.410661,0.470774,0.526030,0.526825,0.607891,0.316432,0.532678,0.481547,0.626620,0.785187,0.811749,0.680979,0.748370,0.812162,0.418921,0.399580,0.430879,0.499600,0.521627,0.432561,0.506651,0.358035,0.526615,0.298291,0.521428,0.466945,0.438788,0.387423
0.554525,0.336809,0.779539,0.442649,0.498048,0.492812,0.692115,0.718589,1.000000,0.381620,0.436178,0.502478,0.769980,0.765084,0.402139,0.749570,0.407130,0.695763,0.694219,0.609265,0.508436,0.311925,0.497909,0.415515,0.501088,0.547361,0.542167,0.493372,0.332237,0.551497,0.566638,0.635944,0.681431,0.736539,0.692538,0.761691,0.737759,0.469130,0.453543,0.447589,0.570570,0.439088,0.468372,0.495918,0.294734,0.559213,0.306338,0.474276,0.441102,0.454183,0.451914
0.381485,0.319244,0.432005,0.410850,0.364248,0.332372,0.411319,0.426377,0.381620,1.000000,0.451169,0.379524,0.407406,0.470753,0.431713,0.460238,0.502631,0.374791,0.464377,0.403742,0.413136,0.843173,0.422750,0.301587,0.374226,0.470259,0.389688,0.430656,0.397688,0.438388,0.368779,0.447662,0.446496,0.457281,0.449645,0.391733,0.451484,0.449140,0.519233,0.489263,0.531717,0.496606,0.433258,0.446138,0.731893,0.448011,0.402118,0.389834,0.360498,0.433475,0.498494
0.341642,0.327018,0.386476,0.298977,0.266263,0.389566,0.362662,0.354229,0.436178,0.451169,1.000000,0.250876,0.408532,0.473396,0.714232,0.465142,0.425534,0.359840,0.434393,0.365155,0.381453,0.454365,0.353109,0.307506,0.346368,0.387409,0.373686,0.353479,0.263065,0.421727,0.423683,0.452176,0.381882,0.408269,0.376830,0.396097,0.352038,0.335126,0.644848,0.443406,0.694648,0.488619,0.374255,0.326947,0.454645,0.453438,0.277266,0.328647,0.330545,0.389831,0.342380
0.462337,0.340804,0.551760,0.608750,0.720395,0.567389,0.564104,0.514449,0.502478,0.379524,0.250876,1.000000,0.575135,0.549377,0.290173,0.530099,0.405451,0.537117,0.527545,0.521831,0.603635,0.326859,0.489660,0.363041,0.489243,0.543816,0.544680,0.560557,0.465211,0.394308,0.460048,0.571036,0.549239,0.529456,0.536916,0.523675,0.569499,0.418051,0.378100,0.386888,0.422229,0.476405,0.498734,0.549896,0.331948,0.433350,0.464714,0.543781,0.507874,0.372071,0.472857
0.603130,0.462150,0.813277,0.431045,0.532728,0.553713,0.743206,0.738848,0.769980,0.407406,0.408532,0.575135,1.000000,0.813309,0.369678,0.848949,0.549787,0.764700,0.846368,0.699127,0.535055,0.369738,0.486022,0.400332,0.476636,0.626268,0.536595,0.604472,0.403995,0.552664,0.550343,0.690068,0.710698,0.722424,0.708904,0.753442,0.758108,0.480862,0.488264,0.478527,0.555874,0.554776,0.431433,0.501897,0.372867,0.519590,0.394737,0.481361,0.458973,0.407706,0.461490
0.543561,0.438043,0.808567,0.489037,0.604962,0.485785,0.753457,0.743794,0.765084,0.470753,0.473396,0.549377,0.813309,1.000000,0.420306,0.836912,0.476932,0.779236,0.787479,0.716473,0.577549,0.456339,0.516464,0.410466,0.556908,0.606123,0.576522,0.613523,0.418272,0.522180,0.586873,0.769531,0.710310,0.761739,0.765738,0.832518,0.750517,0.479111,0.467438,0.499489,0.564655,0.489709,0.499313,0.586000,0.463277,0.659523,0.327424,0.570850,0.536013,0.469509,0.463522
0.406534,0.255956,0.331504,0.283880,0.286417,0.374167,0.359875,0.306576,0.402139,0.431713,0.714232,0.290173,0.369678,0.420306,1.000000,0.398776,0.444203,0.337106,0.369217,0.375776,0.353328,0.462156,0.416880,0.419246,0.404878,0.432786,0.382009,0.333516,0.320129,0.453749,0.487049,0.442275,0.316907,0.345895,0.370197,0.352425,0.311673,0.353333,0.747325,0.427566,0.744535,0.490528,0.454347,0.300400,0.531121,0.424023,0.333428,0.351947,0.363064,0.412761,0.386444
0.572742,0.449521,0.906987,0.457760,0.542470,0.502798,0.768303,0.760876,0.749570,0.460238,0.465142,0.530099,0.848949,0.836912,0.398776,1.000000,0.550971,0.849531,0.828999,0.790402,0.532646,0.452037,0.497051,0.407334,0.527239,0.617927,0.543586,0.631691,0.394598,0.542430,0.542096,0.708126,0.801790,0.745871,0.801825,0.819219,0.803803,0.466622,0.488032,0.512277,0.554748,0.531172,0.458057,0.550214,0.441363,0.591700,0.331744,0.496881,0.495347,0.466583,0.434940
0.513594,0.340964,0.553870,0.219397,0.317618,0.425283,0.448249,0.420130,0.407130,0.502631,0.425534,0.405451,0.549787,0.476932,0.444203,0.550971,1.000000,0.464276,0.605331,0.512966,0.377878,0.463839,0.321989,0.490459,0.326699,0.577555,0.398903,0.434099,0.346983,0.467643,0.429551,0.437593,0.486245,0.421942,0.467509,0.430880,0.553166,0.497452,0.466428,0.489122,0.481358,0.521018,0.362387,0.358932,0.530693,0.365738,0.457355,0.308613,0.363248,0.414333,0.525531
0.491139,0.461342,0.836547,0.433705,0.515864,0.480973,0.750392,0.749246,0.695763,0.374791,0.359840,0.537117,0.764700,0.779236,0.337106,0.849531,0.464276,1.000000,0.734341,0.763519,0.472862,0.389961,0.487393,0.410302,0.536696,0.546856,0.517451,0.551208,0.348076,0.423394,0.478935,0.639993,0.789490,0.734516,0.775617,0.760770,0.752625,0.419240,0.393305,0.446222,0.418566,0.443266,0.433626,0.489289,0.409622,0.536806,0.334394,0.499764,0.472166,0.432970,0.383483
0.622088,0.400479,0.774658,0.377505,0.515326,0.539352,0.653746,0.668365,0.694219,0.464377,0.434393,0.527545,0.846368,0.787479,0.369217,0.828999,0.605331,0.734341,1.000000,0.653522,0.491799,0.430929,0.467824,0.433973,0.436934,0.666054,0.488143,0.544590,0.370552,0.548305,0.464362,0.652645,0.675323,0.619087,0.638935,0.672335,0.706344,0.511224,0.463528,0.520972,0.544731,0.625680,0.428500,0.465710,0.451979,0.504459,0.410669,0.400751,0.438447,0.423126,0.476580
0.463525,0.447285,0.803098,0.367314,0.494767,0.453379,0.840374,0.666489,0.609265,0.403742,0.365155,0.521831,0.699127,0.716473,0.375776,0.790402,0.512966,0.763519,0.653522,1.000000,0.494955,0.406846,0.441061,0.357335,0.566940,0.648836,0.558676,0.490360,0.438221,0.458236,0.606352,0.611673,0.789064,0.716007,0.845894,0.825332,0.761895,0.393352,0.410699,0.427207,0.445267,0.431664,0.477926,0.471778,0.443788,0.530599,0.316215,0.519917,0.571572,0.514476,0.431228
0.417145,0.339576,0.526859,0.518866,0.534811,0.493397,0.562605,0.508035,0.508436,0.413136,0.381453,0.603635,0.535055,0.577549,0.353328,0.532646,0.377878,0.472862,0.491799,0.494955,1.000000,0.305848,0.603490,0.290869,0.574342,0.599801,0.678820,0.727811,0.379343,0.422727,0.437808,0.717290,0.502280,0.602660,0.540960,0.554543,0.511721,0.398045,0.465990,0.481859,0.508992,0.492553,0.557723,0.842825,0.305948,0.609102,0.350894,0.819973,0.725067,0.476175,0.468519
0.333352,0.257015,0.409167,0.374100,0.318405,0.305625,0.351686,0.401807,0.311925,0.843173,0.454365,0.326859,0.369738,0.456339,0.462156,0.452037,0.463839,0.389961,0.430929,0.406846,0.305848,1.000000,0.370024,0.297121,0.342150,0.410882,0.327026,0.382237,0.379018,0.370421,0.336750,0.412061,0.376556,0.378158,0.399264,0.351574,0.378406,0.365944,0.433473,0.435720,0.446647,0.493519,0.398816,0.352042,0.858153,0.363973,0.368807,0.317472,0.275622,0.349217,0.362987
0.396162,0.309833,0.498338,0.486441,0.463025,0.473485,0.502506,0.481920,0.497909,0.422750,0.353109,0.489660,0.486022,0.516464,0.416880,0.497051,0.321989,0.487393,0.467824,0.441061,0.603490,0.370024,1.000000,0.382537,0.723931,0.700153,0.758517,0.515336,0.419221,0.349813,0.437685,0.647337,0.443339,0.565963,0.527255,0.478025,0.463964,0.390020,0.463672,0.421644,0.505824,0.598194,0.754811,0.543067,0.348105,0.650772,0.387730,0.523094,0.511255,0.435539,0.502042
0.516092,0.284039,0.388302,0.203660,0.289941,0.302418,0.337349,0.410661,0.415515,0.301587,0.307506,0.363041,0.400332,0.410466,0.419246,0.407334,0.490459,0.410302,0.433973,0.357335,0.290869,0.297121,0.382537,1.000000,0.349292,0.397808,0.373748,0.340505,0.270793,0.465127,0.415883,0.335034,0.356425,0.411474,0.334524,0.357142,0.412166,0.458379,0.369967,0.417413,0.423974,0.390907,0.406524,0.332851,0.383949,0.269474,0.322749,0.296369,0.290789,0.376130,0.447017
0.294387,0.355654,0.541768,0.480644,0.499401,0.445660,0.641458,0.470774,0.501088,0.374226,0.346368,0.489243,0.476636,0.556908,0.404878,0.527239,0.326699,0.536696,0.436934,0.566940,0.574342,0.342150,0.723931,0.349292,1.000000,0.702588,0.763220,0.449234,0.468726,0.306486,0.450976,0.647774,0.492230,0.589705,0.623906,0.564045,0.500975,0.378368,0.402260,0.383899,0.431208,0.468817,0.819335,0.497081,0.363415,0.687886,0.330607,0.565810,0.538295,0.492994,0.456953
0.529481,0.423571,0.641391,0.416628,0.483668,0.544171,0.619642,0.526030,0.547361,0.470259,0.387409,0.543816,0.626268,0.606123,0.432786,0.617927,0.577555,0.546856,0.666054,0.648836,0.599801,0.410882,0.700153,0.397808,0.702588,1.000000,0.789687,0.505842,0.499687,0.486687,0.497549,0.689369,0.582757,0.594833,0.621741,0.588682,0.625167,0.508000,0.535986,0.563364,0.572604,0.703501,0.679907,0.518658,0.434720,0.653280,0.411740,0.508440,0.554001,0.563512,0.644424
0.406582,0.364100,0.571342,0.456807,0.490214,0.580058,0.594504,0.526825,0.542167,0.389688,0.373686,0.544680,0.536595,0.576522,0.382009,0.543586,0.398903,0.517451,0.488143,0.558676,0.678820,0.327026,0.758517,0.373748,0.763220,0.789687,1.000000,0.517988,0.421601,0.389889,0.443998,0.702326,0.509545,0.616097,0.583678,0.587048,0.545398,0.454703,0.441634,0.490480,0.487203,0.571960,0.690801,0.580270,0.328145,0.727728,0.330234,0.601669,0.525171,0.536709,0.553708
0.478411,0.318416,0.590400,0.539576,0.544471,0.445198,0.517208,0.607891,0.493372,0.430656,0.353479,0.560557,0.604472,0.613523,0.333516,0.631691,0.434099,0.551208,0.544590,0.490360,0.727811,0.382237,0.515336,0.340505,0.449234,0.505842,0.517988,1.000000,0.405405,0.440964,0.434505,0.719120,0.541726,0.542652,0.495528,0.540435,0.566115,0.388704,0.408125,0.419078,0.462925,0.455012,0.402905,0.794034,0.354110,0.449142,0.392197,0.766597,0.731272,0.365202,0.390003
0.261240,0.319530,0.336480,0.673404,0.698063,0.330136,0.452184,0.316432,0.332237,0.397688,0.263065,0.465211,0.403995,0.418272,0.320129,0.394598,0.346983,0.348076,0.370552,0.438221,0.379343,0.379018,0.419221,0.270793,0.468726,0.499687,0.421601,0.405405,1.000000,0.254083,0.367385,0.496367,0.290961,0.342815,0.442309,0.380121,0.344192,0.283917,0.299096,0.290288,0.306954,0.400307,0.480439,0.353957,0.419854,0.430202,0.244295,0.380573,0.414191,0.386615,0.380470
0.739877,0.272684,0.525491,0.304185,0.371316,0.281238,0.440732,0.532678,0.551497,0.438388,0.421727,0.394308,0.552664,0.522180,0.453749,0.542430,0.467643,0.423394,0.548305,0.458236,0.422727,0.370421,0.349813,0.465127,0.306486,0.486687,0.389889,0.440964,0.254083,1.000000,0.619638,0.439702,0.503874,0.480407,0.466723,0.520675,0.599540,0.429243,0.592049,0.498243,0.676941,0.448835,0.355478,0.436958,0.363346,0.387472,0.348579,0.364645,0.389796,0.442992,0.442542
0.520244,0.341546,0.528699,0.329414,0.445092,0.345978,0.569751,0.481547,0.566638,0.368779,0.423683,0.460048,0.550343,0.586873,0.487049,0.542096,0.429551,0.478935,0.464362,0.606352,0.437808,0.336750,0.437685,0.415883,0.450976,0.497549,0.443998,0.434505,0.367385,0.619638,1.000000,0.512899,0.509913,0.513908,0.626740,0.615163,0.560397,0.477687,0.483103,0.449086,0.567420,0.371715,0.456621,0.440829,0.389331,0.476236,0.338501,0.442917,0.480608,0.487520,0.505157
0.444233,0.363735,0.669117,0.600278,0.644652,0.614793,0.672763,0.626620,0.635944,0.447662,0.452176,0.571036,0.690068,0.769531,0.442275,0.708126,0.437593,0.639993,0.652645,0.611673,0.717290,0.412061,0.647337,0.335034,0.647774,0.689369,0.702326,0.719120,0.496367,0.439702,0.512899,1.000000,0.591041,0.659134,0.655540,0.657861,0.614445,0.482381,0.461794,0.459943,0.522024,0.588266,0.603069,0.658983,0.401100,0.743150,0.386513,0.634691,0.593731,0.467078,0.501806
0.549864,0.430782,0.844997,0.417366,0.506401,0.494705,0.743428,0.785187,0.681431,0.446496,0.381882,0.549239,0.710698,0.710310,0.316907,0.801790,0.486245,0.789490,0.675323,0.789064,0.502280,0.376556,0.443339,0.356425,0.492230,0.582757,0.509545,0.541726,0.290961,0.503874,0.509913,0.591041,1.000000,0.785333,0.770582,0.802365,0.871162,0.447781,0.439771,0.484772,0.508983,0.482776,0.447545,0.489687,0.344609,0.509865,0.345779,0.474240,0.498446,0.492232,0.433251
0.563400,0.432707,0.769757,0.423001,0.503635,0.450090,0.812759,0.811749,0.736539,0.457281,0.408269,0.529456,0.722424,0.761739,0.345895,0.745871,0.421942,0.734516,0.619087,0.716007,0.602660,0.378158,0.565963,0.411474,0.589705,0.594833,0.616097,0.542652,0.342815,0.480407,0.513908,0.659134,0.785333,1.000000,0.762003,0.805350,0.765844,0.473849,0.476897,0.491253,0.540173,0.521548,0.552990,0.585057,0.340480,0.605304,0.335161,0.571143,0.522444,0.521202,0.500249
0.468335,0.429250,0.827387,0.465996,0.526972,0.434654,0.831475,0.680979,0.692538,0.449645,0.376830,0.536916,0.708904,0.765738,0.370197,0.801825,0.467509,0.775617,0.638935,0.845894,0.540960,0.399264,0.527255,0.334524,0.623906,0.621741,0.583678,0.495528,0.442309,0.466723,0.626740,0.655540,0.770582,0.762003,1.000000,0.846574,0.797646,0.406024,0.454973,0.451687,0.474970,0.438545,0.560906,0.527502,0.413157,0.675492,0.324024,0.558380,0.562002,0.514388,0.452753
0.529491,0.407943,0.822780,0.420408,0.518236,0.464087,0.849658,0.748370,0.761691,0.391733,0.396097,0.523675,0.753442,0.832518,0.352425,0.819219,0.430880,0.760770,0.672335,0.825332,0.554543,0.351574,0.478025,0.357142,0.564045,0.588682,0.587048,0.540435,0.380121,0.520675,0.615163,0.657861,0.802365,0.805350,0.846574,1.000000,0.797956,0.441018,0.393475,0.450962,0.495756,0.400966,0.501958,0.562899,0.367031,0.605601,0.292174,0.552381,0.541061,0.504729,0.429930
0.634095,0.469247,0.897118,0.431398,0.512967,0.438202,0.734252,0.812162,0.737759,0.451484,0.352038,0.569499,0.758108,0.750517,0.311673,0.803803,0.553166,0.752625,0.706344,0.761895,0.511721,0.378406,0.463964,0.412166,0.500975,0.625167,0.545398,0.566115,0.344192,0.599540,0.560397,0.614445,0.871162,0.765844,0.797646,0.797956,1.000000,0.446610,0.448669,0.505180,0.542678,0.526349,0.467499,0.515862,0.350405,0.537243,0.356711,0.499188,0.512024,0.476884,0.488499
0.472201,0.239177,0.458432,0.252907,0.336414,0.369302,0.432951,0.418921,0.469130,0.449140,0.335126,0.418051,0.480862,0.479111,0.353333,0.466622,0.497452,0.419240,0.511224,0.393352,0.398045,0.365944,0.390020,0.458379,0.378368,0.508000,0.454703,0.388704,0.283917,0.429243,0.477687,0.482381,0.447781,0.473849,0.406024,0.441018,0.446610,1.000000,0.391035,0.722947,0.439141,0.497274,0.462344,0.390017,0.409121,0.372442,0.424414,0.315116,0.275737,0.689975,0.835455
0.564206,0.311692,0.445902,0.328467,0.315544,0.346155,0.422498,0.399580,0.453543,0.519233,0.644848,0.378100,0.488264,0.467438,0.747325,0.488032,0.466428,0.393305,0.463528,0.410699,0.465990,0.433473,0.463672,0.369967,0.402260,0.535986,0.441634,0.408125,0.299096,0.592049,0.483103,0.461794,0.439771,0.476897,0.454973,0.393475,0.448669,0.391035,1.000000,0.526892,0.859477,0.572741,0.460273,0.447876,0.454001,0.460996,0.375211,0.428485,0.429641,0.496470,0.476505
0.528100,0.280657,0.534474,0.275620,0.334628,0.359190,0.409198,0.430879,0.447589,0.489263,0.443406,0.386888,0.478527,0.499489,0.427566,0.512277,0.489122,0.446222,0.520972,0.427207,0.481859,0.435720,0.421644,0.417413,0.383899,0.563364,0.490480,0.419078,0.290288,0.498243,0.449086,0.459943,0.484772,0.491253,0.451687,0.450962,0.505180,0.722947,0.526892,1.000000,0.510592,0.561220,0.477229,0.474122,0.439399,0.393868,0.280110,0.428768,0.383673,0.754191,0.653081
0.609818,0.331914,0.519841,0.374359,0.390187,0.403021,0.466373,0.499600,0.570570,0.531717,0.694648,0.422229,0.555874,0.564655,0.744535,0.554748,0.481358,0.418566,0.544731,0.445267,0.508992,0.446647,0.505824,0.423974,0.431208,0.572604,0.487203,0.462925,0.306954,0.676941,0.567420,0.522024,0.508983,0.540173,0.474970,0.495756,0.542678,0.439141,0.859477,0.510592,1.000000,0.581934,0.481477,0.486028,0.439963,0.509062,0.402351,0.431561,0.446851,0.489956,0.518766
0.566600,0.287023,0.525470,0.423593,0.434104,0.500411,0.464925,0.521627,0.439088,0.496606,0.488619,0.476405,0.554776,0.489709,0.490528,0.531172,0.521018,0.443266,0.625680,0.431664,0.492553,0.493519,0.598194,0.390907,0.468817,0.703501,0.571960,0.455012,0.400307,0.448835,0.371715,0.588266,0.482776,0.521548,0.438545,0.400966,0.526349,0.497274,0.572741,0.561220,0.581934,1.000000,0.532289,0.418070,0.503932,0.487980,0.481576,0.384252,0.392166,0.515469,0.550927
0.396569,0.280386,0.470440,0.482902,0.526691,0.453050,0.568672,0.432561,0.468372,0.433258,0.374255,0.498734,0.431433,0.499313,0.454347,0.458057,0.362387,0.433626,0.428500,0.477926,0.557723,0.398816,0.754811,0.406524,0.819335,0.679907,0.690801,0.402905,0.480439,0.355478,0.456621,0.603069,0.447545,0.552990,0.560906,0.501958,0.467499,0.462344,0.460273,0.477229,0.481477,0.532289,1.000000,0.479007,0.381403,0.651863,0.348192,0.458310,0.450979,0.517613,0.557751
0.454534,0.340714,0.528733,0.472009,0.488402,0.375614,0.544388,0.506651,0.495918,0.446138,0.326947,0.549896,0.501897,0.586000,0.300400,0.550214,0.358932,0.489289,0.465710,0.471778,0.842825,0.352042,0.543067,0.332851,0.497081,0.518658,0.580270,0.794034,0.353957,0.436958,0.440829,0.658983,0.489687,0.585057,0.527502,0.562899,0.515862,0.390017,0.447876,0.474122,0.486028,0.418070,0.479007,1.000000,0.336659,0.482968,0.362090,0.819391,0.716288,0.473285,0.434493
0.368548,0.257083,0.378875,0.309214,0.282212,0.292160,0.382389,0.358035,0.294734,0.731893,0.454645,0.331948,0.372867,0.463277,0.531121,0.441363,0.530693,0.409622,0.451979,0.443788,0.305948,0.858153,0.348105,0.383949,0.363415,0.434720,0.328145,0.354110,0.419854,0.363346,0.389331,0.401100,0.344609,0.340480,0.413157,0.367031,0.350405,0.409121,0.454001,0.439399,0.439963,0.503932,0.381403,0.336659,1.000000,0.344528,0.356119,0.347796,0.319729,0.412087,0.405955
0.323703,0.384567,0.572438,0.489171,0.491850,0.514630,0.574414,0.526615,0.559213,0.448011,0.453438,0.433350,0.519590,0.659523,0.424023,0.591700,0.365738,0.536806,0.504459,0.530599,0.609102,0.363973,0.650772,0.269474,0.687886,0.653280,0.727728,0.449142,0.430202,0.387472,0.476236,0.743150,0.509865,0.605304,0.675492,0.605601,0.537243,0.372442,0.460996,0.393868,0.509062,0.487980,0.651863,0.482968,0.344528,1.000000,0.320925,0.501193,0.459550,0.443543,0.480114
0.388328,0.257619,0.309692,0.297175,0.327727,0.339949,0.353903,0.298291,0.306338,0.402118,0.277266,0.464714,0.394737,0.327424,0.333428,0.331744,0.457355,0.334394,0.410669,0.316215,0.350894,0.368807,0.387730,0.322749,0.330607,0.411740,0.330234,0.392197,0.244295,0.348579,0.338501,0.386513,0.345779,0.335161,0.324024,0.292174,0.356711,0.424414,0.375211,0.280110,0.402351,0.481576,0.348192,0.362090,0.356119,0.320925,1.000000,0.277780,0.289674,0.250638,0.414669
0.373648,0.315344,0.503735,0.491707,0.463428,0.379958,0.579342,0.521428,0.474276,0.389834,0.328647,0.543781,0.481361,0.570850,0.351947,0.496881,0.308613,0.499764,0.400751,0.519917,0.819973,0.317472,0.523094,0.296369,0.565810,0.508440,0.601669,0.766597,0.380573,0.364645,0.442917,0.634691,0.474240,0.571143,0.558380,0.552381,0.499188,0.315116,0.428485,0.428768,0.431561,0.384252,0.458310,0.819391,0.347796,0.501193,0.277780,1.000000,0.855573,0.460950,0.360147
0.393240,0.259819,0.514361,0.453098,0.475598,0.389092,0.588873,0.466945,0.441102,0.360498,0.330545,0.507874,0.458973,0.536013,0.363064,0.495347,0.363248,0.472166,0.438447,0.571572,0.725067,0.275622,0.511255,0.290789,0.538295,0.554001,0.525171,0.731272,0.414191,0.389796,0.480608,0.593731,0.498446,0.522444,0.562002,0.541061,0.512024,0.275737,0.429641,0.383673,0.446851,0.392166,0.450979,0.716288,0.319729,0.459550,0.289674,0.855573,1.000000,0.435492,0.372360
0.434717,0.330900,0.482699,0.289764,0.353577,0.317668,0.510546,0.438788,0.454183,0.433475,0.389831,0.372071,0.407706,0.469509,0.412761,0.466583,0.414333,0.432970,0.423126,0.514476,0.476175,0.349217,0.435539,0.376130,0.492994,0.563512,0.536709,0.365202,0.386615,0.442992,0.487520,0.467078,0.492232,0.521202,0.514388,0.504729,0.476884,0.689975,0.496470,0.754191,0.489956,0.515469,0.517613,0.473285,0.412087,0.443543,0.250638,0.460950,0.435492,1.000000,0.723540
0.476476,0.304586,0.445923,0.298831,0.385707,0.413182,0.443869,0.387423,0.451914,0.498494,0.342380,0.472857,0.461490,0.463522,0.386444,0.434940,0.525531,0.383483,0.476580,0.431228,0.468519,0.362987,0.502042,0.447017,0.456953,0.644424,0.553708,0.390003,0.380470,0.442542,0.505157,0.501806,0.433251,0.500249,0.452753,0.429930,0.488499,0.835455,0.476505,0.653081,0.518766,0.550927,0.557751,0.434493,0.405955,0.480114,0.414669,0.360147,0.372360,0.723540,1.000000
